0.619499986153096
0.9559999786317348
0.7964999821968377
0.9174999794922769
0.9809999780729413
0.9699999783188105
1.0544999764300882
1.3779999691993
1.6549999630078673
1.7354999612085522
1.777499960269779
2.0999999530613422
2.1929999509826303
3.9519999116659164
4.360999902524054
3.7884999153204264
4.519999898970127
7.892499823588878
10.653499761875718
11.836999735422433
13.18199970535934
15.97199964299798
22.065999506786465
25.830999422632157
26.1654994151555
23.074999484233558
26.256499413121492
29.837499333079904
25.986499419156463
24.539999451488256
27.103499394189566
26.313999411836267
28.193499369826167
28.426999364607035
31.339999299496412
26.728999402560294
29.056999350525437
27.42349938703701
31.135499304067345
30.228999324329198
30.202999324910344
27.580499383527787
29.06049935044721
28.864999354816973
30.450499319378288
29.49199934080243
31.457499296870083
28.44099936429411
31.053499305900186
28.576999361254273
30.924999308772385
26.864999399520457
30.13849932635203
29.863999332487584
28.082999372296037
29.03899935092777
31.371999298781155
29.18549934765324
27.91899937596172
30.429999319836497
28.204999369569123
28.368499365914612
28.37299936581403
30.38049932094291
32.34549927702174
31.77199928984046
28.329999366775155
28.100999371893703
26.749999402090907
25.325499433930965
23.412499476689845
28.59949936075136
26.468999408371747
32.089999282732606
31.929999286308885
27.358999388478697
30.801999311521648
26.787999401241542
30.004999329335988
28.74099935758859
32.34599927701056
28.305499367322774
26.514999407343566
27.5289993846789
26.43449940914288
28.909999353811145
30.68949931403622
32.374499276373534
26.925999398157
27.79199937880039
29.24599934630096
31.01749930670485
30.00649932930246
30.23199932426214
31.00949930688366
29.507999340444805
29.56349933920428
31.662499292287976
32.35799927674234
27.83449937785044
27.619499382656066
28.33049936676398
29.281999345496295
30.093499327357858
26.182999414764346
26.84249940002337
30.680499314237387
29.22449934678152
31.427499297540635
29.4084993426688
29.014999351464212
31.20999930240214
27.629999382421374
28.84999935515225
29.308499344903975
30.390999320708215
28.968499352503567
30.587999316304924
28.91049935379997
26.139499415736644
31.205499302502723
28.767499356996268
29.87949933214113
31.333499299641698
28.518999362550677
33.54999925009906
27.45399938635528
32.55349927237258
32.844499265868215
27.999499374162404
25.50549942990765
25.811499423068017
27.990999374352395
34.36449923189357
26.386499410215766
32.17499928083271
29.927999331057073
28.308999367244542
29.64199933744967
33.14399925917387
32.642999270372094
31.267499301116914
31.804999289102852
28.965499352570625
30.19399932511151
30.65049931490794
32.507499273400754
30.521499317791314
31.913499286677688
29.518999340198935
30.090499327424915
29.665499336924405
32.010999284498396
33.09949926016852
28.474999363534153
30.524999317713082
32.62949927067384
31.769999289885163
29.742999335192145
29.139999348670244
28.968499352503567
30.88299930971116
31.104499304760246
29.49399934075773
27.12799939364195
27.97949937460944
29.277999345585705
30.934999308548868
29.899499331694095
28.623999360203744
26.956499397475273
30.350999321602284
29.874999332241714
29.190999347530305
28.845499355252834
29.601499338354916
29.95099933054298
32.071999283134936
31.937499286141247
28.821999355778097
29.125499348994346
31.918999286554754
31.982499285135418
32.837999266013504
31.295999300479888
29.37549934340641
26.718499402794986
31.047999306023122
30.674499314371495
34.81199922189116
30.181499325390906
31.206999302469193
31.871999287605284
