0.3664999918080866
0.3499999921768904
0.7644999829120934
1.0289999770000577
0.9004999798722565
0.7854999824427068
0.6894999845884741
1.2989999709650875
1.235499972384423
1.9144999572075903
1.3779999691993
1.2334999724291265
1.4534999675117433
1.893999957665801
2.0154999549500645
2.253999949619174
1.8829999579116703
3.141999929770827
3.6954999173991383
3.357999924942851
4.584999897517264
3.9614999114535747
5.674999873153865
8.056999819912017
11.962999732606113
19.350999567471444
24.388499454874545
17.403999610990287
23.5814994729124
21.70299951490015
29.02549935122952
29.978999329917134
28.516499362606556
28.27849936792627
32.42049927534536
30.713999313488603
31.12399930432439
32.207499280106276
29.86249933252111
30.01249932916835
29.17949934778735
34.97799921818078
33.21549925757572
29.73749933531508
30.735999312996864
31.15549930362031
28.83949935538694
32.11249928222969
30.796999311633407
32.53999927267432
23.585499472822995
30.908499309141188
31.368499298859387
32.02099928427488
32.85699926558882
33.58299924936146
31.69099929165095
35.62999920360744
33.24949925681576
30.739999312907457
29.76649933466688
34.45849922979251
32.72499926853925
33.26649925643578
35.51599920615554
36.426499185804275
34.36249923193827
34.39549923120067
33.02299926187843
33.97199924066663
33.14599925912917
31.742499290499836
34.56549922740087
27.854999377392232
35.493999206647274
35.27349921157584
35.87499919813126
35.71249920176342
35.01499921735376
31.486999296210705
36.16299919169396
35.15499921422452
33.291499255876985
34.97349921828136
35.835999199002984
36.37749918689951
36.43649918558076
34.1019992377609
35.374999209307134
34.27099923398346
36.455999185144904
34.82499922160059
32.39049927601591
36.10049919309095
36.340999187715354
36.652499180752784
33.980999240465465
37.55549916056916
34.24949923446402
36.922499174717814
36.83899917658418
35.855499198567124
32.82199926637113
33.365999254211786
33.380499253887685
32.69449926922098
34.03699923921376
32.86949926530942
30.738499312940984
35.34299921002239
35.330999210290614
35.865499198343606
37.10799917057157
35.35899920966476
35.11049921521917
35.765999200567606
