0.274999993853271
0.10199999772012233
0.19899999555200337
0.23099999483674766
0.1559999965131283
0.22399999499320983
0.228499994892627
0.29299999345093963
0.3244999927468598
0.33399999253451823
0.26399999409914016
0.40249999100342393
0.6029999865218997
0.6334999858401715
0.7099999841302633
0.5944999867118895
0.7144999840296805
0.7884999823756516
1.0789999758824707
1.4029999686405064
1.4434999677352607
1.1099999751895666
1.50999996624887
1.7454999609850348
1.622499963734299
1.77399996034801
2.0469999542459845
2.3554999473504723
2.4539999451488255
2.698499939683825
2.7434999386779966
3.458499922696501
3.052499931771308
4.239499905239791
4.129999907687306
3.9824999109841883
5.066999886743725
6.022999865375459
4.911999890208245
5.647499873768538
5.012999887950718
6.207499861251563
7.579999830573797
7.502499832306057
7.2009998390451075
8.553499808814376
9.018499798420816
8.153999817743898
9.92949977805838
11.480499743390828
12.091999729722739
13.218999704532326
12.315499724727124
13.245499703940004
13.899499689321965
14.621999673172832
14.277499680873007
15.349999656900764
16.070499640796335
16.584999629296362
17.532499608118087
16.650999627821147
16.531999630481003
16.602499628905207
16.227999637275936
17.920499599445613
19.644999560900033
20.146499549690635
20.632499538827688
22.879999488592148
22.78549949070439
25.556999428756534
26.047499417793006
24.6299994494766
25.288999434746803
26.83499940019101
27.730999380163848
28.63799935989082
28.938999353162945
29.122999349050225
29.532499339897186
32.31399927772581
29.61199933812022
33.049999261274934
33.71049924651161
33.368999254144725
33.885499242600055
34.5744992271997
35.04249921673909
34.96449921848252
36.252999189682306
36.01749919494614
35.573999204859135
36.869499175902455
37.33599916547537
36.04949919423088
36.74549917867407
37.350999165140095
37.507499161642045
35.97849919581786
36.49649918423965
36.49049918437377
36.88799917548895
35.65749920299277
36.02999919466674
35.94099919665605
36.80249917740002
36.270999189279976
36.886499175522474
36.3129991883412
37.512499161530286
34.642499225679785
37.69499915745109
37.255499167274685
36.830499176774175
37.79899915512651
35.35199920982122
37.34349916530773
35.919999197125435
36.809999177232385
36.193499191012236
37.199999168515205
35.06399921625852
34.43249923037365
36.58299918230623
36.081499193515626
37.04599917195738
35.10549921533093
37.29349916642532
36.64699918087572
36.653999180719254
37.06849917145446
36.40499918628484
36.623999181389806
36.9034991751425
35.70499920193106
35.622999203763904
36.1244991925545
37.36899916473776
36.7274991790764
35.2519992120564
36.034999194554985
37.09249917091802
35.777999200299384
37.784999155439436
37.40749916387722
